{
  "nbformat": 4,
  "nbformat_minor": 0,
  "metadata": {
    "colab": {
      "name": "AI_Hill_Climb_Problem",
      "provenance": [],
      "collapsed_sections": [],
      "include_colab_link": true
    },
    "kernelspec": {
      "name": "python3",
      "display_name": "Python 3"
    }
  },
  "cells": [
    {
      "cell_type": "markdown",
      "metadata": {
        "id": "view-in-github",
        "colab_type": "text"
      },
      "source": [
        "<a href=\"https://colab.research.google.com/github/r-chaudhary/Artificial-Intelligent-Repo/blob/master/AI_Hill_Climb_Problem.ipynb\" target=\"_parent\"><img src=\"https://colab.research.google.com/assets/colab-badge.svg\" alt=\"Open In Colab\"/></a>"
      ]
    },
    {
      "cell_type": "markdown",
      "metadata": {
        "id": "FVdsDAs35-Su",
        "colab_type": "text"
      },
      "source": [
        "# **Artificial Intelligence Practical 2 [A]**\n",
        "\n",
        "---\n",
        "\n",
        "## Hill Climbing Problem"
      ]
    },
    {
      "cell_type": "markdown",
      "metadata": {
        "id": "RQ0QPUuI9f4k",
        "colab_type": "text"
      },
      "source": [
        "Hill climbing finds optimal solutions for convex problems – for other problems it will find only **local optima** , which are not necessarily the best possible solution (the **global optimum**) out of all possible solutions (the search space)."
      ]
    },
    {
      "cell_type": "code",
      "metadata": {
        "id": "7kasM0qGyFQU",
        "colab_type": "code",
        "colab": {}
      },
      "source": [
        "import numpy as np          # For numerical calculations"
      ],
      "execution_count": 1,
      "outputs": []
    },
    {
      "cell_type": "markdown",
      "metadata": {
        "id": "aNxw1gvjDcLL",
        "colab_type": "text"
      },
      "source": [
        "## Graph Function\n",
        " \n",
        "> f(x,y) = ***e* <sup>-(x<sup>2</sup> + y<sup>2</sup>)</sup> + 2*e*<sup>-((x - 1.7)<sup>2</sup> + (y-1.7)<sup>2</sup>)</sup>**<br>\n",
        "> source: [Local Maximum : Wikipedia](https://en.wikipedia.org/wiki/File:Local_maximum.png)\n"
      ]
    },
    {
      "cell_type": "code",
      "metadata": {
        "id": "B5K1LvfhB0z6",
        "colab_type": "code",
        "colab": {}
      },
      "source": [
        "# Graph Function implementation\n",
        "def graph_func(x, y):\n",
        "    return np.exp(-(x**2+y**2))+2*np.exp(np.negative(((x-1.7)**2+(y-1.7)**2)))"
      ],
      "execution_count": 2,
      "outputs": []
    },
    {
      "cell_type": "markdown",
      "metadata": {
        "id": "wg1ycZN3BJM_",
        "colab_type": "text"
      },
      "source": [
        "## Data Formation\n",
        "\n",
        "Here Hill Climb Problem is being applied on a 3D graph.<br>\n",
        "A 3D graph contains 3 axes (X, Y, Z).<br>\n",
        "The pair of (X, Y) axes or a point in 2D graph is node / vertex here which is connected to other pair of (X, Y) or points in the graph.<br>\n",
        "Z is the height of the particular point or in the problem it is(heruitic value).<br>\n",
        "\n"
      ]
    },
    {
      "cell_type": "code",
      "metadata": {
        "id": "6Yq8zaSnBNXF",
        "colab_type": "code",
        "colab": {}
      },
      "source": [
        "def data_formation(rangexy = [(-2, 2), (-2, 2)], grid_length=50):\n",
        "    # Generate X and Y coordinates\n",
        "    x = np.linspace(rangexy[0][0], rangexy[0][1], grid_length) # X = [-2, ... , 2]\n",
        "    y = np.linspace(rangexy[1][0], rangexy[1][1], grid_length) # Y = [-2, ... , 2]\n",
        "\n",
        "\n",
        "    X, Y = np.meshgrid(x,y) \n",
        "    # Example of np.meshgrid   \n",
        "    #   X = [1,2,3]\n",
        "    #   Y = [1,2,3]\n",
        "    #   X, Y = np.meshgrid(x,y) \n",
        "    #   X[[1,2,3],[1,2,3],[1,2,3]] Y[[1,1,1],[2,2,2],[3,3,3]]\n",
        "\n",
        "    # applying graph function on X, Y coordinates\n",
        "    vectorized = np.vectorize(graph_func)\n",
        "    Z = vectorized(X, Y)\n",
        "    \n",
        "    return Z\n"
      ],
      "execution_count": 3,
      "outputs": []
    },
    {
      "cell_type": "markdown",
      "metadata": {
        "id": "a3D8vUYrKezh",
        "colab_type": "text"
      },
      "source": [
        "## Hill Climbing Implementation"
      ]
    },
    {
      "cell_type": "code",
      "metadata": {
        "id": "c6oWPzk8CjrW",
        "colab_type": "code",
        "colab": {}
      },
      "source": [
        "# A simple demostration of hill climbing approach on our graph data\n",
        "# Here data is simple 3D graphical data\n",
        "# start_position is starting (x,y) coordinates\n",
        "def hill_climbing(data=None, start_position=()):\n",
        "\n",
        "    def neighbour(coord):       # Calculates neighbours\n",
        "        # Return all calculative neighbour\n",
        "        # sometimes neighbour be invalid\n",
        "        return (\n",
        "            (coord[0]-1,coord[1]),\n",
        "            (coord[0],coord[1]+1),\n",
        "            (coord[0]+1,coord[1])\n",
        "            )\n",
        "        \n",
        "\n",
        "    current = start_position                  # set current pos to start\n",
        "    goalFound = False                         # set goal found to False \n",
        "    max_height = data[current[0], current[1]] # set max height \n",
        "    \n",
        "    plot_list=[(current[0], current[1],max_height),] # store data for ploting\n",
        "\n",
        "    while goalFound == False:   # Till goal is not reached\n",
        "        nextFound = False       # local variable nextFound when neighbour \n",
        "                                # are qualified to become current than it \n",
        "                                # will trun to True\n",
        "\n",
        "        invalid_neighbour = 0   # used for tackling invalid neighbour\n",
        "        local_current = current\n",
        "\n",
        "        for i in neighbour(current):\n",
        "            try: \n",
        "                if max_height < data[i[0], i[1]]:  # checks neighbour height is greater or not\n",
        "                    local_current = i              # if greater than \n",
        "                    max_height = data[i[0], i[1]]  # set it as max height\n",
        "                    nextFound = True\n",
        "\n",
        "            except: \n",
        "                invalid_neighbour += 1\n",
        "                if invalid_neighbour == 2:    # Invalid neighbour cant be greater than 2\n",
        "                                              # because a neighbour is identified by 2 axes X and Y\n",
        "                                              # in worst case X and Y of all neighbour be invalid\n",
        "                                              # that means we are on the edge of graph \n",
        "                                              # no more valid neighbour left\n",
        "                    goalFound = True\n",
        "                    break        \n",
        "\n",
        "        if nextFound == True:                 \n",
        "            current = local_current\n",
        "            plot_list.append((current[0], current[1],max_height))\n",
        "\n",
        "        if nextFound == False: goalFound = True # when no neighbours height is \n",
        "                                                # greater than current neighbour\n",
        "                                                # that means we found local maxima    \n",
        "\n",
        "    return plot_list"
      ],
      "execution_count": 4,
      "outputs": []
    },
    {
      "cell_type": "markdown",
      "metadata": {
        "id": "FTjxcXCZKX4H",
        "colab_type": "text"
      },
      "source": [
        "## Create Figure"
      ]
    },
    {
      "cell_type": "code",
      "metadata": {
        "id": "FqpeU7l_Ojir",
        "colab_type": "code",
        "colab": {}
      },
      "source": [
        "# This function returns a 3D graphical figure object of data\n",
        "# It uses a open source ploting library [ Plotly ]\n",
        "# The main reason to use plotly is to draw 3D graph easily\n",
        "# and advance the 3D graph with interactive support.\n",
        "\n",
        "import plotly.graph_objects as plot\n",
        "def create_graph(Z):\n",
        "    surface_plot = [plot.Surface(z=Z)]\n",
        "    graph = plot.Figure(data=surface_plot)\n",
        "\n",
        "    graph.update_traces(contours_z=dict(show=True, usecolormap=True,\n",
        "                                  highlightcolor=\"limegreen\", project_z=True))\n",
        "    \n",
        "    graph.update_layout(title='Hill Climb Problem', autosize=False,\n",
        "                  scene_camera_eye=dict(x=-1.5, y=1.6, z=1),\n",
        "                  width=500, height=500\n",
        "    )\n",
        "    \n",
        "    return graph"
      ],
      "execution_count": 5,
      "outputs": []
    },
    {
      "cell_type": "markdown",
      "metadata": {
        "id": "IStnJ6hoKlIl",
        "colab_type": "text"
      },
      "source": [
        "## Ploting Hill Climbing result"
      ]
    },
    {
      "cell_type": "code",
      "metadata": {
        "id": "GEzPMrxZWEzK",
        "colab_type": "code",
        "colab": {}
      },
      "source": [
        "# Plot Hill Climb result in the graph  \n",
        "def plot_hill_climb(data, graph):         \n",
        "    axes = {'X':[],'Y':[],'Z':[]}\n",
        "    for i in data:\n",
        "        axes['X'].append(float(i[0]))\n",
        "        axes['Y'].append(float(i[1]))\n",
        "        axes['Z'].append(float(i[2]))\n",
        "\n",
        "    # adding result to the graph\n",
        "    graph.add_scatter3d(x=axes['X'],y=axes['Y'],z=axes['Z'],mode='lines',line=dict(color='#101010',width=4))\n",
        "    return graph\n",
        "    \n"
      ],
      "execution_count": 6,
      "outputs": []
    },
    {
      "cell_type": "markdown",
      "metadata": {
        "id": "3TbXd66OuD0L",
        "colab_type": "text"
      },
      "source": [
        "## Main "
      ]
    },
    {
      "cell_type": "code",
      "metadata": {
        "id": "1Cnkcky1Aoe2",
        "colab_type": "code",
        "colab": {
          "base_uri": "https://localhost:8080/",
          "height": 517
        },
        "outputId": "ab99ab1e-01fe-4a3e-e707-fe788daa89db"
      },
      "source": [
        "if __name__ == '__main__':\n",
        "    Z = data_formation()            # Creates data for the demostration              \n",
        "    graph = create_graph(Z)  # Creates a graph object with 'Z' data plot\n",
        "    \n",
        "    # Run Hill Climb \n",
        "    hill_climb_result = hill_climbing(data=Z, start_position=(0,0))\n",
        "\n",
        "    # plotting the hill climb result to the graph\n",
        "    graph = plot_hill_climb(hill_climb_result, graph)\n",
        "\n",
        "    graph.show()                                        # Display graph\n",
        "\n",
        "# [Note] : Its an interactive graph you can see it by different angles just by mouse click. "
      ],
      "execution_count": 7,
      "outputs": [
        {
          "output_type": "display_data",
          "data": {
            "text/html": [
              "<html>\n",
              "<head><meta charset=\"utf-8\" /></head>\n",
              "<body>\n",
              "    <div>\n",
              "            <script src=\"https://cdnjs.cloudflare.com/ajax/libs/mathjax/2.7.5/MathJax.js?config=TeX-AMS-MML_SVG\"></script><script type=\"text/javascript\">if (window.MathJax) {MathJax.Hub.Config({SVG: {font: \"STIX-Web\"}});}</script>\n",
              "                <script type=\"text/javascript\">window.PlotlyConfig = {MathJaxConfig: 'local'};</script>\n",
              "        <script src=\"https://cdn.plot.ly/plotly-latest.min.js\"></script>    \n",
              "            <div id=\"d9b356bd-30cf-491a-b225-88a5d43b866a\" class=\"plotly-graph-div\" style=\"height:500px; width:500px;\"></div>\n",
              "            <script type=\"text/javascript\">\n",
              "                \n",
              "                    window.PLOTLYENV=window.PLOTLYENV || {};\n",
              "                    \n",
              "                if (document.getElementById(\"d9b356bd-30cf-491a-b225-88a5d43b866a\")) {\n",
              "                    Plotly.newPlot(\n",
              "                        'd9b356bd-30cf-491a-b225-88a5d43b866a',\n",
              "                        [{\"contours\": {\"z\": {\"highlightcolor\": \"limegreen\", \"project\": {\"z\": true}, \"show\": true, \"usecolormap\": true}}, \"type\": \"surface\", \"z\": [[0.0003354626304731863, 0.00046191333655789884, 0.0006276082936393785, 0.0008414506796799238, 0.0011132186571839128, 0.0014532626319350315, 0.001872059106082746, 0.0023796157044549842, 0.002984735951862737, 0.0036941695838452384, 0.004511693219795396, 0.005437185090989834, 0.006465773656750202, 0.00758715057932479, 0.008785141026708628, 0.01003761659291419, 0.01131681726989492, 0.012590119278221372, 0.01382124715751633, 0.01497188486657613, 0.016003596509037644, 0.016879928111940348, 0.017568532994599647, 0.018043149139335322, 0.0182852604460539, 0.018285295476033515, 0.01804325551788139, 0.01756871452908239, 0.01688019095273734, 0.01600394885574261, 0.014972336556449329, 0.013821809139445657, 0.012590802980736103, 0.011317633879205287, 0.010038576265967018, 0.008786252073871988, 0.007588418660255494, 0.006467201039821662, 0.005438770029984318, 0.004513429500281601, 0.0036960462851276738, 0.002986737458580821, 0.0023817219854970254, 0.0018742462587997238, 0.0014555036685657203, 0.001115484490131841, 0.0008437112450477223, 0.000629833740200555, 0.00046407520156684643, 0.000337534925077892], [0.00046191333655789884, 0.0006360289083657558, 0.0008641816260870688, 0.0011586306697997444, 0.0015328400248282, 0.002001061624096376, 0.0025777210289939, 0.003276598184213075, 0.0041098150577169295, 0.005086665666902904, 0.006212350217999004, 0.007486701059848638, 0.008903010378098666, 0.010447084202863017, 0.012096650743396562, 0.013821240488756088, 0.015582629550656653, 0.017335896929771794, 0.01903109350354702, 0.020615460428324867, 0.022036073878227574, 0.023242739082626376, 0.02419091684397986, 0.024844446267097593, 0.025177832209397216, 0.025177895873571925, 0.024844639601561854, 0.02419124676832326, 0.023243216774666273, 0.02203671424006703, 0.020616281338394386, 0.019032114860571017, 0.017337139504184446, 0.015584113672496689, 0.013822984617458659, 0.01209866998238823, 0.010449388838115515, 0.008905604532198503, 0.007489581559185318, 0.006215505768342715, 0.005090076420766628, 0.004113452635436869, 0.003280426180852428, 0.0025816960034076796, 0.0020051345281959293, 0.0015369579942429543, 0.0011627390658106509, 0.0008682261964873163, 0.0006399579244010356, 0.000465679565576831], [0.0006276082936393785, 0.0008641816260870688, 0.0011741760068824836, 0.001574248161153377, 0.002082691800820502, 0.0027188712344595814, 0.003502386683576669, 0.004451961163190889, 0.005584064974816737, 0.006911326047779239, 0.008440809998429957, 0.010172289068268545, 0.012096649299229297, 0.014194605205565683, 0.016435895876352392, 0.018779122074765144, 0.021172348624207225, 0.02355454094248869, 0.02585783273189443, 0.028010540166778845, 0.0299407553504095, 0.03158027849531659, 0.032868594231287365, 0.033756571016828774, 0.03420956912235451, 0.03420968329502552, 0.03375691773477939, 0.03286918590382045, 0.03158113516826278, 0.02994190374857781, 0.028012012352599574, 0.025859664390908577, 0.02355676932352508, 0.021175010186307963, 0.018782249922309945, 0.016439517095195456, 0.01419873824213895, 0.012101301546807176, 0.010177454835430564, 0.008446469030576241, 0.006917442751255814, 0.005590588454720259, 0.0044588261324287155, 0.003509515236614362, 0.0027261754105042, 0.0020900767951185562, 0.0015816159869089517, 0.001181429370454561, 0.0008712277592889197, 0.0006343624914074168], [0.0008414506796799238, 0.0011586306697997444, 0.001574248161153377, 0.0021106352576330295, 0.002792318814705095, 0.003645261066101346, 0.0046957405426666056, 0.0059688596857115405, 0.007486700671138079, 0.009266194115724928, 0.011316813111948048, 0.013638252353901209, 0.01621829260315882, 0.019031077425450203, 0.022036035396320645, 0.025177661710495392, 0.02838632583390967, 0.03158019752216611, 0.03466828719309522, 0.03755448714857403, 0.040142389436492384, 0.0423405578444266, 0.04406785904948785, 0.045258422515093835, 0.045865807429630104, 0.04586600947133639, 0.04525903607248654, 0.04406890608225928, 0.04234207382598548, 0.04014442165946984, 0.0375570923511375, 0.034671528524924305, 0.03158414089935846, 0.02839103577494432, 0.025183196797389392, 0.022042443560616205, 0.019038391310235655, 0.01622652529168574, 0.01364739377454479, 0.0113268274218583, 0.009277018327826958, 0.007498244721031845, 0.005981008040358564, 0.004708355339240612, 0.003658186647836709, 0.0028053874136588428, 0.0021236734748712057, 0.0015870838243595324, 0.0011710996149706231, 0.0008534030114384003], [0.0011132186571839128, 0.0015328400248282, 0.002082691800820502, 0.002792318814705095, 0.0036941695004317826, 0.004822591265109203, 0.006212349973626172, 0.007896655560012796, 0.009904722231342419, 0.012258948823227606, 0.014971868071191914, 0.01804307616044559, 0.02145640747900817, 0.025177654798807767, 0.029153143400818975, 0.03330944217504623, 0.037554432154713026, 0.0417798546263148, 0.04586533350619002, 0.04968372181740139, 0.05310747564056444, 0.0560156288634167, 0.0583008461805083, 0.059875984915418394, 0.060679607752749276, 0.060679960555296876, 0.059877056301199195, 0.05830267449524571, 0.05601827605030654, 0.053111024281371884, 0.0496882709875618, 0.045870993476836305, 0.041786740499262384, 0.03756265659127416, 0.033319107470362076, 0.029164333252312727, 0.02519042620740733, 0.021470783290513887, 0.018059038787919816, 0.014989354926325447, 0.012277849918825707, 0.009924880298144409, 0.007917868855759293, 0.006234377764078599, 0.004845161744488075, 0.0037169897145803896, 0.00281508597670496, 0.0021051052656563727, 0.0015546131314950874, 0.001134089660362524], [0.0014532626319350315, 0.002001061624096376, 0.0027188712344595814, 0.003645261066101346, 0.004822591265109203, 0.006295701016312336, 0.008109975792160716, 0.010308769871061165, 0.012930221286666849, 0.01600357090272969, 0.019545179820189326, 0.02355452104283397, 0.028010491251577094, 0.03286843461975631, 0.0380582814258954, 0.043484170950088406, 0.04902584645507811, 0.05454198170237914, 0.059875432070342495, 0.06486021423458162, 0.06932982717134394, 0.07312635746869843, 0.07610968676937796, 0.0781660579686973, 0.07921527182207606, 0.07921587972497739, 0.07816790403962001, 0.07611283708062418, 0.07313091875262799, 0.06933594172198213, 0.06486805276567478, 0.05988518458658894, 0.054553846532073305, 0.04904001772136074, 0.043500824914478896, 0.03807756230477416, 0.03289044062961771, 0.028035261757296513, 0.023582025740915908, 0.01957531086669946, 0.0160361387822146, 0.012964955013442012, 0.010345321829425908, 0.008147931180569293, 0.006334591494830496, 0.004861912053703404, 0.0036844904422174904, 0.002757491166189219, 0.0020385781749364556, 0.001489224796811789], [0.001872059106082746, 0.0025777210289939, 0.003502386683576669, 0.0046957405426666056, 0.006212349973626172, 0.008109975792160716, 0.01044708254198481, 0.013279518249872778, 0.016656411527563957, 0.02061542990406292, 0.025177649562258153, 0.03034239192339548, 0.036082472597218335, 0.04234036757786436, 0.04902581550870212, 0.05601533198078867, 0.06315400660385699, 0.07025978824883697, 0.0771302495275108, 0.08355157796959714, 0.0893092950550938, 0.09419998555496427, 0.09804315840014322, 0.10069228145885287, 0.10204405196313064, 0.10204508555370069, 0.10069542025206017, 0.09804851473581748, 0.09420774090544323, 0.0893196913566512, 0.08356490547930857, 0.07714683130200918, 0.07027996149699973, 0.0631781013847235, 0.05604364798406916, 0.049058597939166115, 0.04237778342869814, 0.03612458879878838, 0.030389156952001003, 0.025228880055600204, 0.0206708036373501, 0.016715467755753725, 0.013341665937275999, 0.01051161641977449, 0.00817609956254231, 0.0062792053813067955, 0.004762440525730741, 0.003568050455151268, 0.002641508770564129, 0.0019332039935550216], [0.0023796157044549842, 0.003276598184213075, 0.004451961163190889, 0.0059688596857115405, 0.007896655560012796, 0.010308769871061165, 0.013279518249872778, 0.016879890448443523, 0.02117233507227523, 0.02620473236596409, 0.03200387305581236, 0.038568895064369425, 0.04586524440751654, 0.05381980204149251, 0.06231783615034563, 0.07120238488506245, 0.08027654080923803, 0.08930889813644376, 0.09804215139697957, 0.10620452451501068, 0.11352339619106469, 0.11974020947836408, 0.12462554848848259, 0.1279931649414915, 0.1297117618827942, 0.12971349598495463, 0.127998431038377, 0.12463453505776229, 0.11975322098447683, 0.11354083854155947, 0.10622688468745525, 0.09806997139825879, 0.08934274371731016, 0.08031696572483404, 0.0712498919385182, 0.06237283673291502, 0.05388257632527987, 0.045935904684658156, 0.038647354891196556, 0.03208982479701174, 0.02629763541026952, 0.02127141640666117, 0.016984158465309165, 0.013387789687458575, 0.010419708744146425, 0.008008821934448811, 0.006080765297161672, 0.004562128275244147, 0.003383617794946346, 0.002482201278023349], [0.002984735951862737, 0.0041098150577169295, 0.005584064974816737, 0.007486700671138079, 0.009904722231342419, 0.012930221286666849, 0.016656411527563957, 0.02117233507227523, 0.02655632102006239, 0.03286842559682339, 0.04014225276722406, 0.048376722026326764, 0.05752849369539844, 0.06750585669165178, 0.07816490597114127, 0.08930876850970677, 0.10069046891450174, 0.11201976214005185, 0.12297391904790114, 0.13321206214098893, 0.14239225609308082, 0.15019020898184382, 0.15631818305305237, 0.1605425881293249, 0.16269876163618424, 0.16270163250031305, 0.1605513063288593, 0.15633306061907765, 0.15021174996542228, 0.1424211324877366, 0.13324908015437384, 0.12301997599054214, 0.11207579463124301, 0.1007573937144033, 0.08938741802571847, 0.07825596127524408, 0.06760978161813566, 0.057645474147650956, 0.04850661489396295, 0.040284548749693026, 0.03302222969409156, 0.026720353483210266, 0.021344954261752362, 0.016835658513949726, 0.013113884301742328, 0.010090417415961547, 0.007671964153912073, 0.005766450313689906, 0.0042869896028772435, 0.0031545698001868966], [0.0036941695838452384, 0.005086665666902904, 0.006911326047779239, 0.009266194115724928, 0.012258948823227606, 0.01600357090272969, 0.02061542990406292, 0.02620473236596409, 0.03286842559682339, 0.0406808410048675, 0.049683570665574585, 0.05987527854723869, 0.07120232556279364, 0.08355120475722794, 0.09674381045226225, 0.11053648059116206, 0.124623543872571, 0.1386457769781216, 0.1522037542280933, 0.16487559125942552, 0.17623809825231646, 0.18588992661915488, 0.19347497486727394, 0.19870416373855496, 0.20137372891495164, 0.20137841880236507, 0.19871840592224238, 0.1934992790859739, 0.18592511629836808, 0.17628527117090997, 0.1649360644505117, 0.15227899355183047, 0.13873731251006946, 0.12473287324610514, 0.11066496363970273, 0.09689255978538194, 0.0837209781016949, 0.07139342661321638, 0.06008747351631016, 0.049916027552149536, 0.04093209772324481, 0.03313639152965565, 0.02648672570585126, 0.020908250514035293, 0.016303605604501604, 0.012562303308150884, 0.009568843365931773, 0.007209273518226074, 0.0053761007052904744, 0.003971612747956279], [0.004511693219795396, 0.006212350217999004, 0.008440809998429957, 0.011316813111948048, 0.014971868071191914, 0.019545179820189326, 0.025177649562258153, 0.03200387305581236, 0.04014225276722406, 0.049683570665574585, 0.06067862461100267, 0.07312578499483982, 0.08695954537388745, 0.10204128390624564, 0.11815348599568828, 0.1349985752517323, 0.15220324625761583, 0.16932879413634166, 0.1858874193151966, 0.2013638987408816, 0.215241421137885, 0.2270298567474866, 0.2362943433378095, 0.24268188020841355, 0.2459436685363016, 0.24595122857491886, 0.24270483842663496, 0.2363335214279719, 0.22708658206098145, 0.21531746328022655, 0.20146138075262748, 0.18600870414420206, 0.1694763482448688, 0.15237948381154026, 0.1352056882851613, 0.11839326802104409, 0.10231495636940194, 0.08726759782667462, 0.07346784057510476, 0.06105334214352435, 0.05008859328687461, 0.04057421042883708, 0.03245844271845809, 0.025649672646009467, 0.02002883192779246, 0.015460871626839113, 0.01180467983823869, 0.008921097515792495, 0.006678915803591726, 0.004958928057198981], [0.005437185090989834, 0.007486701059848638, 0.010172289068268545, 0.013638252353901209, 0.01804307616044559, 0.02355452104283397, 0.03034239192339548, 0.038568895064369425, 0.048376722026326764, 0.05987527854723869, 0.07312578499483982, 0.08812628079755142, 0.10479782687638325, 0.12297337251305379, 0.14239079357948273, 0.16269148455804325, 0.1834255811315536, 0.20406440985712931, 0.22402013885471164, 0.24267189581811138, 0.2593969041802052, 0.27360455293026387, 0.28477084716885637, 0.29247045739485444, 0.29640364168525285, 0.29641566702705613, 0.2925069757825616, 0.28483316562372846, 0.2736947827978882, 0.25951786027572293, 0.2428269551465431, 0.22421306002855418, 0.20429911614361013, 0.18370591261288585, 0.1630209279835306, 0.14277220179168285, 0.12340868839941332, 0.10528782914034404, 0.08867036998500545, 0.07372182777138679, 0.06051952597846895, 0.04906381355963713, 0.03929195427655549, 0.031093213342238895, 0.024323840116747146, 0.01882090749138943, 0.014414275392285123, 0.010936256271679535, 0.008228841533518346, 0.006148577196026116], [0.006465773656750202, 0.008903010378098666, 0.012096649299229297, 0.01621829260315882, 0.02145640747900817, 0.028010491251577094, 0.036082472597218335, 0.04586524440751654, 0.05752849369539844, 0.07120232556279364, 0.08695954537388745, 0.10479782687638325, 0.1246233051255293, 0.14623733809586173, 0.16932822901211822, 0.19346955337415364, 0.2181263711611287, 0.2426700335532468, 0.2664015531092227, 0.28858266479886263, 0.30847285440249994, 0.32536987519899646, 0.3386507167733151, 0.3478097172897928, 0.35249057733563116, 0.3525094521488912, 0.34786703605542985, 0.33874853097415886, 0.32551149877442115, 0.3086627054481419, 0.2888260438159623, 0.26670435956493477, 0.24303842535455633, 0.2185663756489516, 0.19398664330286686, 0.1699268821646751, 0.1469206040020256, 0.12539240602765211, 0.10565182187943428, 0.0878950860251502, 0.07221352758570751, 0.05860694323936272, 0.04700014833201156, 0.03726095170443296, 0.029218004027098274, 0.022677280977617596, 0.017436327830312317, 0.01329576185145763, 0.010067863991605547, 0.00758236504823464], [0.00758715057932479, 0.010447084202863017, 0.014194605205565683, 0.019031077425450203, 0.025177654798807767, 0.03286843461975631, 0.04234036757786436, 0.05381980204149251, 0.06750585669165178, 0.08355120475722794, 0.10204128390624564, 0.12297337251305379, 0.14623733809586173, 0.17160010430959483, 0.1986959393708174, 0.22702449504280373, 0.2559580987515875, 0.2847591311590648, 0.31260745264979733, 0.3386368546214155, 0.3619785129161344, 0.38180853399447223, 0.39739603064240353, 0.4081478441748805, 0.4136461083837811, 0.4136753418098536, 0.4082366198292266, 0.3975475258741614, 0.3820278814531874, 0.3622725553753164, 0.3390138015297628, 0.313076441138076, 0.2853296986312282, 0.2566395803900636, 0.2278253670830018, 0.1996231370303277, 0.1726583507187426, 0.14742852627106773, 0.12429604519034698, 0.10349025498160497, 0.08511736062717258, 0.0691761659329761, 0.055577548172230394, 0.04416560321777427, 0.0347386377824895, 0.027068551131073055, 0.020917577825547175, 0.016051798051150774, 0.012251216594888016, 0.009316534147075076], [0.008785141026708628, 0.012096650743396562, 0.016435895876352392, 0.022036035396320645, 0.029153143400818975, 0.0380582814258954, 0.04902581550870212, 0.06231783615034563, 0.07816490597114127, 0.09674381045226225, 0.11815348599568828, 0.14239079357948273, 0.16932822901211822, 0.1986959393708174, 0.2300704806130713, 0.262872550145709, 0.2963754341856247, 0.32972513360724576, 0.36197212581901594, 0.3921135765918003, 0.4191436593989454, 0.44210861292162906, 0.4601624101735693, 0.47261854223995314, 0.4789935101931348, 0.47903818766477846, 0.4727542181531991, 0.46039394047399396, 0.4424438418421993, 0.41959304475663634, 0.39268966489452173, 0.3626888813520243, 0.33059713239367394, 0.29741694319326417, 0.26409652361284164, 0.23148751763904557, 0.20031325832000316, 0.17114872298323233, 0.14441223543467338, 0.12036794980746524, 0.09913736789214042, 0.08071764110318803, 0.06500420115997486, 0.051815324796555776, 0.04091651461976127, 0.03204300198449356, 0.024919175672865928, 0.01927424539069273, 0.014853907918322081, 0.011428159505538585], [0.01003761659291419, 0.013821240488756088, 0.018779122074765144, 0.025177661710495392, 0.03330944217504623, 0.043484170950088406, 0.05601533198078867, 0.07120238488506245, 0.08930876850970677, 0.11053648059116206, 0.1349985752517323, 0.16269148455804325, 0.19346955337415364, 0.22702449504280373, 0.262872550145709, 0.30035190067106243, 0.3386323274833814, 0.3767382121024193, 0.41358483406275265, 0.44802660828459956, 0.4789145854491759, 0.5051593648265094, 0.525794703618392, 0.5400366834071261, 0.5473333976620914, 0.5474007742910092, 0.5402412917997577, 0.5261438668669157, 0.505664912561258, 0.4795922887607621, 0.4488953881498948, 0.4146657495621213, 0.37805324485804365, 0.34020299304122464, 0.3021977348927906, 0.2650095371852454, 0.229463520678588, 0.19621498059342513, 0.16573995468728997, 0.13833813545979137, 0.11414612602289603, 0.09315846459566678, 0.07525360380440942, 0.060222099401499946, 0.04779457863831731, 0.03766754307587493, 0.029525630952800152, 0.023059543838374275, 0.01797936955629681, 0.014023466031556766], [0.01131681726989492, 0.015582629550656653, 0.021172348624207225, 0.02838632583390967, 0.037554432154713026, 0.04902584645507811, 0.06315400660385699, 0.08027654080923803, 0.10069046891450174, 0.124623543872571, 0.15220324625761583, 0.1834255811315536, 0.2181263711611287, 0.2559580987515875, 0.2963754341856247, 0.3386323274833814, 0.381792905242981, 0.4247574136623852, 0.4663031524804328, 0.505138870923174, 0.5399696065806528, 0.5695676246855026, 0.5928441392465305, 0.6089160197571674, 0.6171618035564075, 0.6172620668084156, 0.6092204977811184, 0.5933637295457337, 0.5703199309487481, 0.5409780977890684, 0.5064317034078614, 0.4679116642871733, 0.42671431567267887, 0.3841302147696803, 0.3413791158684767, 0.2995554874700426, 0.2595876160768484, 0.22221184509440478, 0.1879620136262795, 0.1571728502896804, 0.1299950620888256, 0.1064192068318005, 0.08630516512563094, 0.06941410285409802, 0.05544016992664515, 0.04403972796002209, 0.03485654470455815, 0.027542050001063703, 0.021770347002202557, 0.017248165174232572], [0.012590119278221372, 0.017335896929771794, 0.02355454094248869, 0.03158019752216611, 0.0417798546263148, 0.05454198170237914, 0.07025978824883697, 0.08930889813644376, 0.11201976214005185, 0.1386457769781216, 0.16932879413634166, 0.20406440985712931, 0.2426700335532468, 0.2847591311590648, 0.32972513360724576, 0.3767382121024193, 0.4247574136623852, 0.4725595376055617, 0.518784691029337, 0.5619968214750171, 0.6007558666817046, 0.6336966884550093, 0.6596088713319418, 0.6775109348070015, 0.686712637075564, 0.6868598636183968, 0.6779580302875206, 0.6603718376422214, 0.634801374848787, 0.602236735007026, 0.5638952164838619, 0.521146629503, 0.4754330521970817, 0.42818951858871285, 0.38077159571737346, 0.3343947233294289, 0.29008871380523277, 0.24866914280797248, 0.21072570658965456, 0.17662615988337366, 0.14653331344741463, 0.12043183995987199, 0.09816132909559469, 0.07945211255775264, 0.06396077323783893, 0.05130286192502142, 0.041081065852485624, 0.03290780940138132, 0.026421940222533816, 0.021299709569837066], [0.01382124715751633, 0.01903109350354702, 0.02585783273189443, 0.03466828719309522, 0.04586533350619002, 0.059875432070342495, 0.0771302495275108, 0.09804215139697957, 0.12297391904790114, 0.1522037542280933, 0.1858874193151966, 0.22402013885471164, 0.2664015531092227, 0.31260745264979733, 0.36197212581901594, 0.41358483406275265, 0.4663031524804328, 0.518784691029337, 0.5695371276804171, 0.6169846840551895, 0.6595473529448825, 0.6957275694642335, 0.724197824279608, 0.7438821327962973, 0.7540244156392886, 0.7542377408877748, 0.7445299558901742, 0.7253033313070456, 0.6973282149383284, 0.6616930706761842, 0.6197353809009799, 0.5729594800776712, 0.5229482963308684, 0.47127613236675037, 0.4194290422153372, 0.36873817064114167, 0.3203298002675957, 0.27509401744232637, 0.23367208580234952, 0.19646100429061944, 0.1636324724801197, 0.13516267629690087, 0.1108689623628021, 0.09044955207740667, 0.07352287638358447, 0.059663782204667434, 0.04843465743043696, 0.039410336782862196, 0.032196399201081194, 0.026441087829059084], [0.01497188486657613, 0.020615460428324867, 0.028010540166778845, 0.03755448714857403, 0.04968372181740139, 0.06486021423458162, 0.08355157796959714, 0.10620452451501068, 0.13321206214098893, 0.16487559125942552, 0.2013638987408816, 0.24267189581811138, 0.28858266479886263, 0.3386368546214155, 0.3921135765918003, 0.44802660828459956, 0.505138870923174, 0.5619968214750171, 0.6169846840551895, 0.668396493737375, 0.7145219521623151, 0.7537403409454146, 0.7846154451700688, 0.8059838051399559, 0.8170287672532248, 0.8173337745469593, 0.8069100469706073, 0.7861960724471293, 0.756028905228106, 0.7175898476082889, 0.6723293737258977, 0.6218778809472539, 0.5679498438866143, 0.5122491175896344, 0.4563825161074615, 0.40178750424511844, 0.34967808094082437, 0.30101094059338723, 0.2564720167070206, 0.21648175544705633, 0.18121609689407853, 0.15063925319728994, 0.12454398938234074, 0.10259519542229197, 0.08437300086396612, 0.06941241087375835, 0.057237311195104085, 0.04738758349963297, 0.039438896896744485, 0.03301542860038059], [0.016003596509037644, 0.022036073878227574, 0.0299407553504095, 0.040142389436492384, 0.05310747564056444, 0.06932982717134394, 0.0893092950550938, 0.11352339619106469, 0.14239225609308082, 0.17623809825231646, 0.215241421137885, 0.2593969041802052, 0.30847285440249994, 0.3619785129161344, 0.4191436593989454, 0.4789145854491759, 0.5399696065806528, 0.6007558666817046, 0.6595473529448825, 0.7145219521623151, 0.7638532681950285, 0.8058110447043919, 0.8388626528766263, 0.8617674248007322, 0.8736557756160229, 0.8740860941069392, 0.8630742099005544, 0.8410926754319481, 0.8090398577482848, 0.7681815979291667, 0.7200706423621265, 0.6664509029438603, 0.6091546678683366, 0.5500010736255573, 0.49070348925060014, 0.43279208694321236, 0.37755598907894383, 0.3260072445448073, 0.2788667572537704, 0.2365703972552601, 0.1992920444036247, 0.16697934863252506, 0.13939756709790738, 0.11617691721419629, 0.09685937504909246, 0.0809416287145441, 0.0679118340191671, 0.057278790265304795, 0.048593054453249705, 0.041460268102831835], [0.016879928111940348, 0.023242739082626376, 0.03158027849531659, 0.0423405578444266, 0.0560156288634167, 0.07312635746869843, 0.09419998555496427, 0.11974020947836408, 0.15019020898184382, 0.18588992661915488, 0.2270298567474866, 0.27360455293026387, 0.32536987519899646, 0.38180853399447223, 0.44210861292162906, 0.5051593648265094, 0.5695676246855026, 0.6336966884550093, 0.6957275694642335, 0.7537403409454146, 0.8058110447043919, 0.8501176654056346, 0.8850472077061556, 0.9092951954623735, 0.9219490825335985, 0.92254815810445, 0.91111445967291, 0.8881517734255983, 0.8546127151380407, 0.8118368062299793, 0.7614650490839185, 0.7053384698643829, 0.6453892294951019, 0.5835331106529014, 0.5215714977551053, 0.46110951503228664, 0.40349499558432556, 0.34978068952786107, 0.3007098565383043, 0.2567233716972752, 0.21798488940256952, 0.1844195688852048, 0.1557613985128367, 0.1316042254892329, 0.11145210911145709, 0.09476544206910734, 0.08100028596851894, 0.06963941194720352, 0.060214513788833655, 0.0523198880229281], [0.017568532994599647, 0.02419091684397986, 0.032868594231287365, 0.04406785904948785, 0.0583008461805083, 0.07610968676937796, 0.09804315840014322, 0.12462554848848259, 0.15631818305305237, 0.19347497486727394, 0.2362943433378095, 0.28477084716885637, 0.3386507167733151, 0.39739603064240353, 0.4601624101735693, 0.525794703618392, 0.5928441392465305, 0.6596088713319418, 0.724197824279608, 0.7846154451700688, 0.8388626528766263, 0.8850472077061556, 0.9214952007700373, 0.946854612579828, 0.9601820661639238, 0.9610050381098563, 0.9493538021317952, 0.9257600558496293, 0.8912222213527382, 0.8471404611027071, 0.7952271582791017, 0.737400668443715, 0.6756713411118147, 0.6120290363141063, 0.5483406487884714, 0.48626464192082197, 0.42718751332567795, 0.37218474210750135, 0.3220063906307576, 0.2770854070513142, 0.23756499499438416, 0.20334030229530198, 0.17410916871417875, 0.14942672605436033, 0.12875916864349524, 0.11153287687921767, 0.09717613658831284, 0.08515181297928377, 0.07498039125253185, 0.06625369758955264], [0.018043149139335322, 0.024844446267097593, 0.033756571016828774, 0.045258422515093835, 0.059875984915418394, 0.0781660579686973, 0.10069228145885287, 0.1279931649414915, 0.1605425881293249, 0.19870416373855496, 0.24268188020841355, 0.29247045739485444, 0.3478097172897928, 0.4081478441748805, 0.47261854223995314, 0.5400366834071261, 0.6089160197571674, 0.6775109348070015, 0.7438821327962973, 0.8059838051399559, 0.8617674248007322, 0.9092951954623735, 0.946854612579828, 0.973064820149627, 0.986965625635416, 0.9880812044809036, 0.9764525941907933, 0.9526358328624611, 0.9176657293897713, 0.8729883999380501, 0.8203685028411716, 0.7617792357565417, 0.6992844005749091, 0.6349220888913872, 0.570598818128212, 0.5080013978781907, 0.44853166044156045, 0.39326673371879595, 0.3429450632324354, 0.29797616817124256, 0.25847034895789844, 0.22428337754008587, 0.1950706396898898, 0.1703452281528895, 0.14953501349013365, 0.1320346139468578, 0.11724929806731495, 0.10462903890293071, 0.09369207042202857, 0.0840382781101893], [0.0182852604460539, 0.025177832209397216, 0.03420956912235451, 0.045865807429630104, 0.060679607752749276, 0.07921527182207606, 0.10204405196313064, 0.1297117618827942, 0.16269876163618424, 0.20137372891495164, 0.2459436685363016, 0.29640364168525285, 0.35249057733563116, 0.4136461083837811, 0.4789935101931348, 0.5473333976620914, 0.6171618035564075, 0.686712637075564, 0.7540244156392886, 0.8170287672532248, 0.8736557756160229, 0.9219490825335985, 0.9601820661639238, 0.986965625635416, 1.001338280949828, 1.002830481954949, 0.9914971205179149, 0.9679150406206063, 0.933145529284436, 0.8886649795338555, 0.836269774246983, 0.7779636245388243, 0.7158368783923112, 0.6519475855370325, 0.588213384167675, 0.5263217048438248, 0.4676636002603167, 0.41329399421605123, 0.3639185984886907, 0.31990544399424287, 0.2813171251323401, 0.2479585981871101, 0.21943475694083459, 0.19521200462456, 0.17467856210791433, 0.15719916726609248, 0.14216097947693754, 0.12900875632711267, 0.11726858346353852, 0.10656050713232036], [0.018285295476033515, 0.025177895873571925, 0.03420968329502552, 0.04586600947133639, 0.060679960555296876, 0.07921587972497739, 0.10204508555370069, 0.12971349598495463, 0.16270163250031305, 0.20137841880236507, 0.24595122857491886, 0.29641566702705613, 0.3525094521488912, 0.4136753418098536, 0.47903818766477846, 0.5474007742910092, 0.6172620668084156, 0.6868598636183968, 0.7542377408877748, 0.8173337745469593, 0.8740860941069392, 0.92254815810445, 0.9610050381098563, 0.9880812044809036, 1.002830481954949, 1.0048000283010152, 0.9940622949354837, 0.9712117405132957, 0.9373262749341259, 0.8938966441818164, 0.8427298538212259, 0.7858349461262044, 0.725300